5
1 0 无情踢档 -20 0 0 0 0 谁都会的招式
2 0 无情打脸 -77 16 0 0 0 长拳
3 0 左勾拳 -80 18 0 0 0 左勾拳
4 0 太极拳 -50 10 0 0 -1 太极拳
5 0 铁砂掌 -70 15 -4 0 0 铁砂掌
6 0 八卦掌 -110 25 0 0 -2 八卦掌
7 0 太极剑 -65 15 0 0 0 太极剑
8 0 前路之花 -90 20 0 0 0 顺手拈来一支花
9 0 太极拳III -200 40 0 0 0 3级太极拳
10 1 雁南飞 -150 15 0 0 0 秋风气爽 ， 群雁南飞
11 0 发呆 1 1 1 1 1 什么都没发生
12 0 跳舞 0 0 0 0 0 什么都没发生
13 0 一曲梦甜 50 15 0 0 0 夜伴琵琶，梦香甜。
14 0 八卦掌II -100 20 0 0 0 2级八卦掌
15 1 暴风雪 -50 10 0 0 0 大法师的成名技能
16 0 暗香盈袖 300 30 0 0 0 衣抖袖，香气溢。暗暗夜，盈盈月。
17 1 太极拳II -150 30 0 0 0 2级太极拳
18 1 九阳神功 -200 30 0 0 0 九阳神功
19 1 葵花神功 -1000 1000 0 0 0 需要自宫
20 1 万里无云 -1000 200 0 0 0 吸收天地之气，集于一人之身
21 1 刘伶醉 -500 33 0 0 0 天生刘伶，以酒为名，一饮一斛，五斗解酲
22 0 菊採花 -150 0 0 0 0 采菊东篱下，悠然见南山 