34
1 小蜘蛛 1 13 7 7 1 1 1 1 1 1
2 绿毛虫 1 13 7 7 1 2 1 1 1 1
3 螳螂 2 16 9 9 1 2 1 1 1 1
4 瓢虫 2 10 8 10 2 2 2 1 1 1
5 幼虎 4 22 13 13 3 3 3 1 1 1
6 小鸟 1 13 7 9 1 2 1 1 1 1
7 小狗 3 19 11 11 1 2 1 1 1 1
8 小猫 3 19 11 11 2 2 1 1 1 1
9 小北极熊 6 28 17 17 3 3 3 1 1 1
10 小象 4 30 5 5 2 2 1 1 1 1
11 小强 1 1 50 50 1 1 1 1 1 1
12 小熊猫 4 22 13 13 2 2 2 1 1 1
13 功夫熊猫 6 28 17 17 2 2 2 1 1 1
14 小猩猩 4 22 30 13 2 2 2 2 2 2
15 骆驼幼子 4 22 13 13 2 2 2 1 1 1
16 长颈鹿 5 25 15 15 2 2 2 1 1 1
17 小白兔 1 10 10 30 2 2 2 1 1 1
18 小马驹 4 22 13 13 2 2 2 1 1 1
19 绵羊 3 19 11 11 3 3 3 1 1 1
20 小仓鼠 1 5 5 10 3 3 3 1 1 1
21 小青蛙 1 13 7 7 1 2 1 1 1 1
22 狮子 6 28 17 17 2 2 2 1 1 1
23 狼 5 25 15 15 2 2 2 1 1 1
24 卡通猪 4 22 13 13 2 2 2 2 2 2
25 人形猪 6 28 17 17 2 2 2 1 1 1
26 黑马 7 31 19 19 3 3 3 1 1 1
27 蛇 5 15 10 20 3 3 3 2 2 2
28 老鹰 6 28 17 17 3 3 3 1 1 1
29 老鹰 7 31 19 19 3 3 3 1 1 1
30 海归 5 30 20 10 3 3 3 1 1 1
31 鲨鱼 10 40 25 25 4 4 4 1 1 1
32 嵇康 1 20 200 50 1 1 1 1 2 3
33 阮籍 1 180 220 40 3 3 3 2 2 2
34 王戎 1 300 100 10 1 1 1 2 2 2

